1,0,0.10653
2,0,0.73576
2,1,0.10653
3,0,2.1694
3,1,0.73576
3,2,0.10653
4,0,4.5413
4,1,2.1694
4,2,0.73576
4,3,0.10653
5,0,7.9104
5,1,4.5413
5,2,2.1694
5,3,0.73576
5,4,0.10653
6,0,0
6,1,0
6,2,0
6,3,0
6,4,0
6,5,0
7,0,0
7,1,0
7,2,0
7,3,0
7,4,0
7,5,0
7,6,0
8,0,0
8,1,0
8,2,0
8,3,0
8,4,0
8,5,0
8,6,0
8,7,0
9,0,0
9,1,0
9,2,0
9,3,0
9,4,0
9,5,0
9,6,0
9,7,0
9,8,0
10,0,0
10,1,0
10,2,0
10,3,0
10,4,0
10,5,0
10,6,0
10,7,0
10,8,0
10,9,0
11,0,0
11,1,0
11,2,0
11,3,0
11,4,0
11,5,0
11,6,0
11,7,0
11,8,0
11,9,0
11,10,0
12,0,0
12,1,0
12,2,0
12,3,0
12,4,0
12,5,0
12,6,0
12,7,0
12,8,0
12,9,0
12,10,0
12,11,0
13,0,0
13,1,0
13,2,0
13,3,0
13,4,0
13,5,0
13,6,0
13,7,0
13,8,0
13,9,0
13,10,0
13,11,0
13,12,0
14,0,0
14,1,0
14,2,0
14,3,0
14,4,0
14,5,0
14,6,0
14,7,0
14,8,0
14,9,0
14,10,0
14,11,0
14,12,0
14,13,0
15,0,57.441
15,1,43.945
15,2,31.452
15,3,19.962
15,4,9.4776
15,5,0
15,6,0
15,7,0
15,8,0
15,9,0
15,10,0
15,11,0
15,12,0
15,13,0
15,14,0
16,0,62.567
16,1,48.07
16,2,34.574
16,3,22.081
16,4,10.591
16,5,0.10653
16,6,0.10653
16,7,0.10653
16,8,0.10653
16,9,0.10653
16,10,0.10653
16,11,0.10653
16,12,0.10653
16,13,0.10653
16,14,0.10653
16,15,0.10653
17,0,68.209
17,1,52.711
17,2,38.214
17,3,24.719
17,4,12.226
17,5,0.73576
17,6,0.73576
17,7,0.73576
17,8,0.73576
17,9,0.73576
17,10,0.73576
17,11,0.73576
17,12,0.73576
17,13,0.73576
17,14,0.73576
17,15,0.73576
17,16,0.10653
18,0,74.652
18,1,58.153
18,2,42.655
18,3,28.158
18,4,14.663
18,5,2.1694
18,6,2.1694
18,7,2.1694
18,8,2.1694
18,9,2.1694
18,10,2.1694
18,11,2.1694
18,12,2.1694
18,13,2.1694
18,14,2.1694
18,15,2.1694
18,16,0.73576
18,17,0.10653
19,0,82.03
19,1,64.531
19,2,48.032
19,3,32.534
19,4,18.037
19,5,4.5413
19,6,4.5413
19,7,4.5413
19,8,4.5413
19,9,4.5413
19,10,4.5413
19,11,4.5413
19,12,4.5413
19,13,4.5413
19,14,4.5413
19,15,4.5413
19,16,2.1694
19,17,0.73576
19,18,0.10653
20,0,90.403
20,1,71.904
20,2,54.404
20,3,37.906
20,4,22.407
20,5,7.9104
20,6,7.9104
20,7,7.9104
20,8,7.9104
20,9,7.9104
20,10,7.9104
20,11,7.9104
20,12,7.9104
20,13,7.9104
20,14,7.9104
20,15,7.9104
20,16,4.5413
20,17,2.1694
20,18,0.73576
20,19,0.10653
21,0,0
21,1,0
21,2,0
21,3,0
21,4,0
21,5,0
21,6,0
21,7,0
21,8,0
21,9,0
21,10,0
21,11,0
21,12,0
21,13,0
21,14,0
21,15,0
21,16,0
21,17,0
21,18,0
21,19,0
21,20,0
22,0,0
22,1,0
22,2,0
22,3,0
22,4,0
22,5,0
22,6,0
22,7,0
22,8,0
22,9,0
22,10,0
22,11,0
22,12,0
22,13,0
22,14,0
22,15,0
22,16,0
22,17,0
22,18,0
22,19,0
22,20,0
22,21,0
23,0,0
23,1,0
23,2,0
23,3,0
23,4,0
23,5,0
23,6,0
23,7,0
23,8,0
23,9,0
23,10,0
23,11,0
23,12,0
23,13,0
23,14,0
23,15,0
23,16,0
23,17,0
23,18,0
23,19,0
23,20,0
23,21,0
23,22,0
24,0,0
24,1,0
24,2,0
24,3,0
24,4,0
24,5,0
24,6,0
24,7,0
24,8,0
24,9,0
24,10,0
24,11,0
24,12,0
24,13,0
24,14,0
24,15,0
24,16,0
24,17,0
24,18,0
24,19,0
24,20,0
24,21,0
24,22,0
24,23,0
25,0,0
25,1,0
25,2,0
25,3,0
25,4,0
25,5,0
25,6,0
25,7,0
25,8,0
25,9,0
25,10,0
25,11,0
25,12,0
25,13,0
25,14,0
25,15,0
25,16,0
25,17,0
25,18,0
25,19,0
25,20,0
25,21,0
25,22,0
25,23,0
25,24,0
26,0,0
26,1,0
26,2,0
26,3,0
26,4,0
26,5,0
26,6,0
26,7,0
26,8,0
26,9,0
26,10,0
26,11,0
26,12,0
26,13,0
26,14,0
26,15,0
26,16,0
26,17,0
26,18,0
26,19,0
26,20,0
26,21,0
26,22,0
26,23,0
26,24,0
26,25,0
27,0,0
27,1,0
27,2,0
27,3,0
27,4,0
27,5,0
27,6,0
27,7,0
27,8,0
27,9,0
27,10,0
27,11,0
27,12,0
27,13,0
27,14,0
27,15,0
27,16,0
27,17,0
27,18,0
27,19,0
27,20,0
27,21,0
27,22,0
27,23,0
27,24,0
27,25,0
27,26,0
28,0,0
28,1,0
28,2,0
28,3,0
28,4,0
28,5,0
28,6,0
28,7,0
28,8,0
28,9,0
28,10,0
28,11,0
28,12,0
28,13,0
28,14,0
28,15,0
28,16,0
28,17,0
28,18,0
28,19,0
28,20,0
28,21,0
28,22,0
28,23,0
28,24,0
28,25,0
28,26,0
28,27,0
29,0,0
29,1,0
29,2,0
29,3,0
29,4,0
29,5,0
29,6,0
29,7,0
29,8,0
29,9,0
29,10,0
29,11,0
29,12,0
29,13,0
29,14,0
29,15,0
29,16,0
29,17,0
29,18,0
29,19,0
29,20,0
29,21,0
29,22,0
29,23,0
29,24,0
29,25,0
29,26,0
29,27,0
29,28,0
30,0,189.94
30,1,161.44
30,2,133.94
30,3,107.44
30,4,81.941
30,5,57.441
30,6,57.441
30,7,57.441
30,8,57.441
30,9,57.441
30,10,57.441
30,11,57.441
30,12,57.441
30,13,57.441
30,14,57.441
30,15,57.441
30,16,43.945
30,17,31.452
30,18,19.962
30,19,9.4776
30,20,0
30,21,0
30,22,0
30,23,0
30,24,0
30,25,0
30,26,0
30,27,0
30,28,0
30,29,0
31,0,200.07
31,1,170.57
31,2,142.07
31,3,114.57
31,4,88.067
31,5,62.567
31,6,62.567
31,7,62.567
31,8,62.567
31,9,62.567
31,10,62.567
31,11,62.567
31,12,62.567
31,13,62.567
31,14,62.567
31,15,62.567
31,16,48.07
31,17,34.574
31,18,22.081
31,19,10.591
31,20,0.10653
31,21,0.10653
31,22,0.10653
31,23,0.10653
31,24,0.10653
31,25,0.10653
31,26,0.10653
31,27,0.10653
31,28,0.10653
31,29,0.10653
31,30,0.10653
32,0,210.71
32,1,180.21
32,2,150.71
32,3,122.21
32,4,94.709
32,5,68.209
32,6,68.209
32,7,68.209
32,8,68.209
32,9,68.209
32,10,68.209
32,11,68.209
32,12,68.209
32,13,68.209
32,14,68.209
32,15,68.209
32,16,52.711
32,17,38.214
32,18,24.719
32,19,12.226
32,20,0.73576
32,21,0.73576
32,22,0.73576
32,23,0.73576
32,24,0.73576
32,25,0.73576
32,26,0.73576
32,27,0.73576
32,28,0.73576
32,29,0.73576
32,30,0.73576
32,31,0.10653
33,0,222.15
33,1,190.65
33,2,160.15
33,3,130.65
33,4,102.15
33,5,74.652
33,6,74.652
33,7,74.652
33,8,74.652
33,9,74.652
33,10,74.652
33,11,74.652
33,12,74.652
33,13,74.652
33,14,74.652
33,15,74.652
33,16,58.153
33,17,42.655
33,18,28.158
33,19,14.663
33,20,2.1694
33,21,2.1694
33,22,2.1694
33,23,2.1694
33,24,2.1694
33,25,2.1694
33,26,2.1694
33,27,2.1694
33,28,2.1694
33,29,2.1694
33,30,2.1694
33,31,0.73576
33,32,0.10653
34,0,234.53
34,1,202.03
34,2,170.53
34,3,140.03
34,4,110.53
34,5,82.03
34,6,82.03
34,7,82.03
34,8,82.03
34,9,82.03
34,10,82.03
34,11,82.03
34,12,82.03
34,13,82.03
34,14,82.03
34,15,82.03
34,16,64.531
34,17,48.032
34,18,32.534
34,19,18.037
34,20,4.5413
34,21,4.5413
34,22,4.5413
34,23,4.5413
34,24,4.5413
34,25,4.5413
34,26,4.5413
34,27,4.5413
34,28,4.5413
34,29,4.5413
34,30,4.5413
34,31,2.1694
34,32,0.73576
34,33,0.10653
35,0,247.9
35,1,214.4
35,2,181.9
35,3,150.4
35,4,119.9
35,5,90.403
35,6,90.403
35,7,90.403
35,8,90.403
35,9,90.403
35,10,90.403
35,11,90.403
35,12,90.403
35,13,90.403
35,14,90.403
35,15,90.403
35,16,71.904
35,17,54.404
35,18,37.906
35,19,22.407
35,20,7.9104
35,21,7.9104
35,22,7.9104
35,23,7.9104
35,24,7.9104
35,25,7.9104
35,26,7.9104
35,27,7.9104
35,28,7.9104
35,29,7.9104
35,30,7.9104
35,31,4.5413
35,32,2.1694
35,33,0.73576
35,34,0.10653
36,0,0
36,1,0
36,2,0
36,3,0
36,4,0
36,5,0
36,6,0
36,7,0
36,8,0
36,9,0
36,10,0
36,11,0
36,12,0
36,13,0
36,14,0
36,15,0
36,16,0
36,17,0
36,18,0
36,19,0
36,20,0
36,21,0
36,22,0
36,23,0
36,24,0
36,25,0
36,26,0
36,27,0
36,28,0
36,29,0
36,30,0
36,31,0
36,32,0
36,33,0
36,34,0
36,35,0
37,0,0
37,1,0
37,2,0
37,3,0
37,4,0
37,5,0
37,6,0
37,7,0
37,8,0
37,9,0
37,10,0
37,11,0
37,12,0
37,13,0
37,14,0
37,15,0
37,16,0
37,17,0
37,18,0
37,19,0
37,20,0
37,21,0
37,22,0
37,23,0
37,24,0
37,25,0
37,26,0
37,27,0
37,28,0
37,29,0
37,30,0
37,31,0
37,32,0
37,33,0
37,34,0
37,35,0
37,36,0
38,0,0
38,1,0
38,2,0
38,3,0
38,4,0
38,5,0
38,6,0
38,7,0
38,8,0
38,9,0
38,10,0
38,11,0
38,12,0
38,13,0
38,14,0
38,15,0
38,16,0
38,17,0
38,18,0
38,19,0
38,20,0
38,21,0
38,22,0
38,23,0
38,24,0
38,25,0
38,26,0
38,27,0
38,28,0
38,29,0
38,30,0
38,31,0
38,32,0
38,33,0
38,34,0
38,35,0
38,36,0
38,37,0
39,0,0
39,1,0
39,2,0
39,3,0
39,4,0
39,5,0
39,6,0
39,7,0
39,8,0
39,9,0
39,10,0
39,11,0
39,12,0
39,13,0
39,14,0
39,15,0
39,16,0
39,17,0
39,18,0
39,19,0
39,20,0
39,21,0
39,22,0
39,23,0
39,24,0
39,25,0
39,26,0
39,27,0
39,28,0
39,29,0
39,30,0
39,31,0
39,32,0
39,33,0
39,34,0
39,35,0
39,36,0
39,37,0
39,38,0
40,0,0
40,1,0
40,2,0
40,3,0
40,4,0
40,5,0
40,6,0
40,7,0
40,8,0
40,9,0
40,10,0
40,11,0
40,12,0
40,13,0
40,14,0
40,15,0
40,16,0
40,17,0
40,18,0
40,19,0
40,20,0
40,21,0
40,22,0
40,23,0
40,24,0
40,25,0
40,26,0
40,27,0
40,28,0
40,29,0
40,30,0
40,31,0
40,32,0
40,33,0
40,34,0
40,35,0
40,36,0
40,37,0
40,38,0
40,39,0
41,0,0
41,1,0
41,2,0
41,3,0
41,4,0
41,5,0
41,6,0
41,7,0
41,8,0
41,9,0
41,10,0
41,11,0
41,12,0
41,13,0
41,14,0
41,15,0
41,16,0
41,17,0
41,18,0
41,19,0
41,20,0
41,21,0
41,22,0
41,23,0
41,24,0
41,25,0
41,26,0
41,27,0
41,28,0
41,29,0
41,30,0
41,31,0
41,32,0
41,33,0
41,34,0
41,35,0
41,36,0
41,37,0
41,38,0
41,39,0
41,40,0
42,0,0
42,1,0
42,2,0
42,3,0
42,4,0
42,5,0
42,6,0
42,7,0
42,8,0
42,9,0
42,10,0
42,11,0
42,12,0
42,13,0
42,14,0
42,15,0
42,16,0
42,17,0
42,18,0
42,19,0
42,20,0
42,21,0
42,22,0
42,23,0
42,24,0
42,25,0
42,26,0
42,27,0
42,28,0
42,29,0
42,30,0
42,31,0
42,32,0
42,33,0
42,34,0
42,35,0
42,36,0
42,37,0
42,38,0
42,39,0
42,40,0
42,41,0
43,0,0
43,1,0
43,2,0
43,3,0
43,4,0
43,5,0
43,6,0
43,7,0
43,8,0
43,9,0
43,10,0
43,11,0
43,12,0
43,13,0
43,14,0
43,15,0
43,16,0
43,17,0
43,18,0
43,19,0
43,20,0
43,21,0
43,22,0
43,23,0
43,24,0
43,25,0
43,26,0
43,27,0
43,28,0
43,29,0
43,30,0
43,31,0
43,32,0
43,33,0
43,34,0
43,35,0
43,36,0
43,37,0
43,38,0
43,39,0
43,40,0
43,41,0
43,42,0
44,0,0
44,1,0
44,2,0
44,3,0
44,4,0
44,5,0
44,6,0
44,7,0
44,8,0
44,9,0
44,10,0
44,11,0
44,12,0
44,13,0
44,14,0
44,15,0
44,16,0
44,17,0
44,18,0
44,19,0
44,20,0
44,21,0
44,22,0
44,23,0
44,24,0
44,25,0
44,26,0
44,27,0
44,28,0
44,29,0
44,30,0
44,31,0
44,32,0
44,33,0
44,34,0
44,35,0
44,36,0
44,37,0
44,38,0
44,39,0
44,40,0
44,41,0
44,42,0
44,43,0
45,0,397.44
45,1,353.94
45,2,311.44
45,3,269.94
45,4,229.44
45,5,189.94
45,6,189.94
45,7,189.94
45,8,189.94
45,9,189.94
45,10,189.94
45,11,189.94
45,12,189.94
45,13,189.94
45,14,189.94
45,15,189.94
45,16,161.44
45,17,133.94
45,18,107.44
45,19,81.941
45,20,57.441
45,21,57.441
45,22,57.441
45,23,57.441
45,24,57.441
45,25,57.441
45,26,57.441
45,27,57.441
45,28,57.441
45,29,57.441
45,30,57.441
45,31,43.945
45,32,31.452
45,33,19.962
45,34,9.4776
45,35,0
45,36,0
45,37,0
45,38,0
45,39,0
45,40,0
45,41,0
45,42,0
45,43,0
45,44,0
46,0,412.57
46,1,368.07
46,2,324.57
46,3,282.07
46,4,240.57
46,5,200.07
46,6,200.07
46,7,200.07
46,8,200.07
46,9,200.07
46,10,200.07
46,11,200.07
46,12,200.07
46,13,200.07
46,14,200.07
46,15,200.07
46,16,170.57
46,17,142.07
46,18,114.57
46,19,88.067
46,20,62.567
46,21,62.567
46,22,62.567
46,23,62.567
46,24,62.567
46,25,62.567
46,26,62.567
46,27,62.567
46,28,62.567
46,29,62.567
46,30,62.567
46,31,48.07
46,32,34.574
46,33,22.081
46,34,10.591
46,35,0.10653
46,36,0.10653
46,37,0.10653
46,38,0.10653
46,39,0.10653
46,40,0.10653
46,41,0.10653
46,42,0.10653
46,43,0.10653
46,44,0.10653
46,45,0.10653
47,0,428.21
47,1,382.71
47,2,338.21
47,3,294.71
47,4,252.21
47,5,210.71
47,6,210.71
47,7,210.71
47,8,210.71
47,9,210.71
47,10,210.71
47,11,210.71
47,12,210.71
47,13,210.71
47,14,210.71
47,15,210.71
47,16,180.21
47,17,150.71
47,18,122.21
47,19,94.709
47,20,68.209
47,21,68.209
47,22,68.209
47,23,68.209
47,24,68.209
47,25,68.209
47,26,68.209
47,27,68.209
47,28,68.209
47,29,68.209
47,30,68.209
47,31,52.711
47,32,38.214
47,33,24.719
47,34,12.226
47,35,0.73576
47,36,0.73576
47,37,0.73576
47,38,0.73576
47,39,0.73576
47,40,0.73576
47,41,0.73576
47,42,0.73576
47,43,0.73576
47,44,0.73576
47,45,0.73576
47,46,0.10653
48,0,444.65
48,1,398.15
48,2,352.65
48,3,308.15
48,4,264.65
48,5,222.15
48,6,222.15
48,7,222.15
48,8,222.15
48,9,222.15
48,10,222.15
48,11,222.15
48,12,222.15
48,13,222.15
48,14,222.15
48,15,222.15
48,16,190.65
48,17,160.15
48,18,130.65
48,19,102.15
48,20,74.652
48,21,74.652
48,22,74.652
48,23,74.652
48,24,74.652
48,25,74.652
48,26,74.652
48,27,74.652
48,28,74.652
48,29,74.652
48,30,74.652
48,31,58.153
48,32,42.655
48,33,28.158
48,34,14.663
48,35,2.1694
48,36,2.1694
48,37,2.1694
48,38,2.1694
48,39,2.1694
48,40,2.1694
48,41,2.1694
48,42,2.1694
48,43,2.1694
48,44,2.1694
48,45,2.1694
48,46,0.73576
48,47,0.10653
49,0,462.03
49,1,414.53
49,2,368.03
49,3,322.53
49,4,278.03
49,5,234.53
49,6,234.53
49,7,234.53
49,8,234.53
49,9,234.53
49,10,234.53
49,11,234.53
49,12,234.53
49,13,234.53
49,14,234.53
49,15,234.53
49,16,202.03
49,17,170.53
49,18,140.03
49,19,110.53
49,20,82.03
49,21,82.03
49,22,82.03
49,23,82.03
49,24,82.03
49,25,82.03
49,26,82.03
49,27,82.03
49,28,82.03
49,29,82.03
49,30,82.03
49,31,64.531
49,32,48.032
49,33,32.534
49,34,18.037
49,35,4.5413
49,36,4.5413
49,37,4.5413
49,38,4.5413
49,39,4.5413
49,40,4.5413
49,41,4.5413
49,42,4.5413
49,43,4.5413
49,44,4.5413
49,45,4.5413
49,46,2.1694
49,47,0.73576
49,48,0.10653
50,0,480.4
50,1,431.9
50,2,384.4
50,3,337.9
50,4,292.4
50,5,247.9
50,6,247.9
50,7,247.9
50,8,247.9
50,9,247.9
50,10,247.9
50,11,247.9
50,12,247.9
50,13,247.9
50,14,247.9
50,15,247.9
50,16,214.4
50,17,181.9
50,18,150.4
50,19,119.9
50,20,90.403
50,21,90.403
50,22,90.403
50,23,90.403
50,24,90.403
50,25,90.403
50,26,90.403
50,27,90.403
50,28,90.403
50,29,90.403
50,30,90.403
50,31,71.904
50,32,54.404
50,33,37.906
50,34,22.407
50,35,7.9104
50,36,7.9104
50,37,7.9104
50,38,7.9104
50,39,7.9104
50,40,7.9104
50,41,7.9104
50,42,7.9104
50,43,7.9104
50,44,7.9104
50,45,7.9104
50,46,4.5413
50,47,2.1694
50,48,0.73576
50,49,0.10653
51,0,0
51,1,0
51,2,0
51,3,0
51,4,0
51,5,0
51,6,0
51,7,0
51,8,0
51,9,0
51,10,0
51,11,0
51,12,0
51,13,0
51,14,0
51,15,0
51,16,0
51,17,0
51,18,0
51,19,0
51,20,0
51,21,0
51,22,0
51,23,0
51,24,0
51,25,0
51,26,0
51,27,0
51,28,0
51,29,0
51,30,0
51,31,0
51,32,0
51,33,0
51,34,0
51,35,0
51,36,0
51,37,0
51,38,0
51,39,0
51,40,0
51,41,0
51,42,0
51,43,0
51,44,0
51,45,0
51,46,0
51,47,0
51,48,0
51,49,0
51,50,0
52,0,0
52,1,0
52,2,0
52,3,0
52,4,0
52,5,0
52,6,0
52,7,0
52,8,0
52,9,0
52,10,0
52,11,0
52,12,0
52,13,0
52,14,0
52,15,0
52,16,0
52,17,0
52,18,0
52,19,0
52,20,0
52,21,0
52,22,0
52,23,0
52,24,0
52,25,0
52,26,0
52,27,0
52,28,0
52,29,0
52,30,0
52,31,0
52,32,0
52,33,0
52,34,0
52,35,0
52,36,0
52,37,0
52,38,0
52,39,0
52,40,0
52,41,0
52,42,0
52,43,0
52,44,0
52,45,0
52,46,0
52,47,0
52,48,0
52,49,0
52,50,0
52,51,0
53,0,0
53,1,0
53,2,0
53,3,0
53,4,0
53,5,0
53,6,0
53,7,0
53,8,0
53,9,0
53,10,0
53,11,0
53,12,0
53,13,0
53,14,0
53,15,0
53,16,0
53,17,0
53,18,0
53,19,0
53,20,0
53,21,0
53,22,0
53,23,0
53,24,0
53,25,0
53,26,0
53,27,0
53,28,0
53,29,0
53,30,0
53,31,0
53,32,0
53,33,0
53,34,0
53,35,0
53,36,0
53,37,0
53,38,0
53,39,0
53,40,0
53,41,0
53,42,0
53,43,0
53,44,0
53,45,0
53,46,0
53,47,0
53,48,0
53,49,0
53,50,0
53,51,0
53,52,0
54,0,0
54,1,0
54,2,0
54,3,0
54,4,0
54,5,0
54,6,0
54,7,0
54,8,0
54,9,0
54,10,0
54,11,0
54,12,0
54,13,0
54,14,0
54,15,0
54,16,0
54,17,0
54,18,0
54,19,0
54,20,0
54,21,0
54,22,0
54,23,0
54,24,0
54,25,0
54,26,0
54,27,0
54,28,0
54,29,0
54,30,0
54,31,0
54,32,0
54,33,0
54,34,0
54,35,0
54,36,0
54,37,0
54,38,0
54,39,0
54,40,0
54,41,0
54,42,0
54,43,0
54,44,0
54,45,0
54,46,0
54,47,0
54,48,0
54,49,0
54,50,0
54,51,0
54,52,0
54,53,0
55,0,0
55,1,0
55,2,0
55,3,0
55,4,0
55,5,0
55,6,0
55,7,0
55,8,0
55,9,0
55,10,0
55,11,0
55,12,0
55,13,0
55,14,0
55,15,0
55,16,0
55,17,0
55,18,0
55,19,0
55,20,0
55,21,0
55,22,0
55,23,0
55,24,0
55,25,0
55,26,0
55,27,0
55,28,0
55,29,0
55,30,0
55,31,0
55,32,0
55,33,0
55,34,0
55,35,0
55,36,0
55,37,0
55,38,0
55,39,0
55,40,0
55,41,0
55,42,0
55,43,0
55,44,0
55,45,0
55,46,0
55,47,0
55,48,0
55,49,0
55,50,0
55,51,0
55,52,0
55,53,0
55,54,0
56,0,0
56,1,0
56,2,0
56,3,0
56,4,0
56,5,0
56,6,0
56,7,0
56,8,0
56,9,0
56,10,0
56,11,0
56,12,0
56,13,0
56,14,0
56,15,0
56,16,0
56,17,0
56,18,0
56,19,0
56,20,0
56,21,0
56,22,0
56,23,0
56,24,0
56,25,0
56,26,0
56,27,0
56,28,0
56,29,0
56,30,0
56,31,0
56,32,0
56,33,0
56,34,0
56,35,0
56,36,0
56,37,0
56,38,0
56,39,0
56,40,0
56,41,0
56,42,0
56,43,0
56,44,0
56,45,0
56,46,0
56,47,0
56,48,0
56,49,0
56,50,0
56,51,0
56,52,0
56,53,0
56,54,0
56,55,0
57,0,0
57,1,0
57,2,0
57,3,0
57,4,0
57,5,0
57,6,0
57,7,0
57,8,0
57,9,0
57,10,0
57,11,0
57,12,0
57,13,0
57,14,0
57,15,0
57,16,0
57,17,0
57,18,0
57,19,0
57,20,0
57,21,0
57,22,0
57,23,0
57,24,0
57,25,0
57,26,0
57,27,0
57,28,0
57,29,0
57,30,0
57,31,0
57,32,0
57,33,0
57,34,0
57,35,0
57,36,0
57,37,0
57,38,0
57,39,0
57,40,0
57,41,0
57,42,0
57,43,0
57,44,0
57,45,0
57,46,0
57,47,0
57,48,0
57,49,0
57,50,0
57,51,0
57,52,0
57,53,0
57,54,0
57,55,0
57,56,0
58,0,0
58,1,0
58,2,0
58,3,0
58,4,0
58,5,0
58,6,0
58,7,0
58,8,0
58,9,0
58,10,0
58,11,0
58,12,0
58,13,0
58,14,0
58,15,0
58,16,0
58,17,0
58,18,0
58,19,0
58,20,0
58,21,0
58,22,0
58,23,0
58,24,0
58,25,0
58,26,0
58,27,0
58,28,0
58,29,0
58,30,0
58,31,0
58,32,0
58,33,0
58,34,0
58,35,0
58,36,0
58,37,0
58,38,0
58,39,0
58,40,0
58,41,0
58,42,0
58,43,0
58,44,0
58,45,0
58,46,0
58,47,0
58,48,0
58,49,0
58,50,0
58,51,0
58,52,0
58,53,0
58,54,0
58,55,0
58,56,0
58,57,0
59,0,0
59,1,0
59,2,0
59,3,0
59,4,0
59,5,0
59,6,0
59,7,0
59,8,0
59,9,0
59,10,0
59,11,0
59,12,0
59,13,0
59,14,0
59,15,0
59,16,0
59,17,0
59,18,0
59,19,0
59,20,0
59,21,0
59,22,0
59,23,0
59,24,0
59,25,0
59,26,0
59,27,0
59,28,0
59,29,0
59,30,0
59,31,0
59,32,0
59,33,0
59,34,0
59,35,0
59,36,0
59,37,0
59,38,0
59,39,0
59,40,0
59,41,0
59,42,0
59,43,0
59,44,0
59,45,0
59,46,0
59,47,0
59,48,0
59,49,0
59,50,0
59,51,0
59,52,0
59,53,0
59,54,0
59,55,0
59,56,0
59,57,0
59,58,0
60,0,679.94
60,1,621.44
60,2,563.94
60,3,507.44
60,4,451.94
60,5,397.44
60,6,397.44
60,7,397.44
60,8,397.44
60,9,397.44
60,10,397.44
60,11,397.44
60,12,397.44
60,13,397.44
60,14,397.44
60,15,397.44
60,16,353.94
60,17,311.44
60,18,269.94
60,19,229.44
60,20,189.94
60,21,189.94
60,22,189.94
60,23,189.94
60,24,189.94
60,25,189.94
60,26,189.94
60,27,189.94
60,28,189.94
60,29,189.94
60,30,189.94
60,31,161.44
60,32,133.94
60,33,107.44
60,34,81.941
60,35,57.441
60,36,57.441
60,37,57.441
60,38,57.441
60,39,57.441
60,40,57.441
60,41,57.441
60,42,57.441
60,43,57.441
60,44,57.441
60,45,57.441
60,46,43.945
60,47,31.452
60,48,19.962
60,49,9.4776
60,50,0
60,51,0
60,52,0
60,53,0
60,54,0
60,55,0
60,56,0
60,57,0
60,58,0
60,59,0
61,0,700.07
61,1,640.57
61,2,582.07
61,3,524.57
61,4,468.07
61,5,412.57
61,6,412.57
61,7,412.57
61,8,412.57
61,9,412.57
61,10,412.57
61,11,412.57
61,12,412.57
61,13,412.57
61,14,412.57
61,15,412.57
61,16,368.07
61,17,324.57
61,18,282.07
61,19,240.57
61,20,200.07
61,21,200.07
61,22,200.07
61,23,200.07
61,24,200.07
61,25,200.07
61,26,200.07
61,27,200.07
61,28,200.07
61,29,200.07
61,30,200.07
61,31,170.57
61,32,142.07
61,33,114.57
61,34,88.067
61,35,62.567
61,36,62.567
61,37,62.567
61,38,62.567
61,39,62.567
61,40,62.567
61,41,62.567
61,42,62.567
61,43,62.567
61,44,62.567
61,45,62.567
61,46,48.07
61,47,34.574
61,48,22.081
61,49,10.591
61,50,0.10653
61,51,0.10653
61,52,0.10653
61,53,0.10653
61,54,0.10653
61,55,0.10653
61,56,0.10653
61,57,0.10653
61,58,0.10653
61,59,0.10653
61,60,0.10653
62,0,720.71
62,1,660.21
62,2,600.71
62,3,542.21
62,4,484.71
62,5,428.21
62,6,428.21
62,7,428.21
62,8,428.21
62,9,428.21
62,10,428.21
62,11,428.21
62,12,428.21
62,13,428.21
62,14,428.21
62,15,428.21
62,16,382.71
62,17,338.21
62,18,294.71
62,19,252.21
62,20,210.71
62,21,210.71
62,22,210.71
62,23,210.71
62,24,210.71
62,25,210.71
62,26,210.71
62,27,210.71
62,28,210.71
62,29,210.71
62,30,210.71
62,31,180.21
62,32,150.71
62,33,122.21
62,34,94.709
62,35,68.209
62,36,68.209
62,37,68.209
62,38,68.209
62,39,68.209
62,40,68.209
62,41,68.209
62,42,68.209
62,43,68.209
62,44,68.209
62,45,68.209
62,46,52.711
62,47,38.214
62,48,24.719
62,49,12.226
62,50,0.73576
62,51,0.73576
62,52,0.73576
62,53,0.73576
62,54,0.73576
62,55,0.73576
62,56,0.73576
62,57,0.73576
62,58,0.73576
62,59,0.73576
62,60,0.73576
62,61,0.10653
63,0,742.15
63,1,680.65
63,2,620.15
63,3,560.65
63,4,502.15
63,5,444.65
63,6,444.65
63,7,444.65
63,8,444.65
63,9,444.65
63,10,444.65
63,11,444.65
63,12,444.65
63,13,444.65
63,14,444.65
63,15,444.65
63,16,398.15
63,17,352.65
63,18,308.15
63,19,264.65
63,20,222.15
63,21,222.15
63,22,222.15
63,23,222.15
63,24,222.15
63,25,222.15
63,26,222.15
63,27,222.15
63,28,222.15
63,29,222.15
63,30,222.15
63,31,190.65
63,32,160.15
63,33,130.65
63,34,102.15
63,35,74.652
63,36,74.652
63,37,74.652
63,38,74.652
63,39,74.652
63,40,74.652
63,41,74.652
63,42,74.652
63,43,74.652
63,44,74.652
63,45,74.652
63,46,58.153
63,47,42.655
63,48,28.158
63,49,14.663
63,50,2.1694
63,51,2.1694
63,52,2.1694
63,53,2.1694
63,54,2.1694
63,55,2.1694
63,56,2.1694
63,57,2.1694
63,58,2.1694
63,59,2.1694
63,60,2.1694
63,61,0.73576
63,62,0.10653
64,0,764.53
64,1,702.03
64,2,640.53
64,3,580.03
64,4,520.53
64,5,462.03
64,6,462.03
64,7,462.03
64,8,462.03
64,9,462.03
64,10,462.03
64,11,462.03
64,12,462.03
64,13,462.03
64,14,462.03
64,15,462.03
64,16,414.53
64,17,368.03
64,18,322.53
64,19,278.03
64,20,234.53
64,21,234.53
64,22,234.53
64,23,234.53
64,24,234.53
64,25,234.53
64,26,234.53
64,27,234.53
64,28,234.53
64,29,234.53
64,30,234.53
64,31,202.03
64,32,170.53
64,33,140.03
64,34,110.53
64,35,82.03
64,36,82.03
64,37,82.03
64,38,82.03
64,39,82.03
64,40,82.03
64,41,82.03
64,42,82.03
64,43,82.03
64,44,82.03
64,45,82.03
64,46,64.531
64,47,48.032
64,48,32.534
64,49,18.037
64,50,4.5413
64,51,4.5413
64,52,4.5413
64,53,4.5413
64,54,4.5413
64,55,4.5413
64,56,4.5413
64,57,4.5413
64,58,4.5413
64,59,4.5413
64,60,4.5413
64,61,2.1694
64,62,0.73576
64,63,0.10653
65,0,787.9
65,1,724.4
65,2,661.9
65,3,600.4
65,4,539.9
65,5,480.4
65,6,480.4
65,7,480.4
65,8,480.4
65,9,480.4
65,10,480.4
65,11,480.4
65,12,480.4
65,13,480.4
65,14,480.4
65,15,480.4
65,16,431.9
65,17,384.4
65,18,337.9
65,19,292.4
65,20,247.9
65,21,247.9
65,22,247.9
65,23,247.9
65,24,247.9
65,25,247.9
65,26,247.9
65,27,247.9
65,28,247.9
65,29,247.9
65,30,247.9
65,31,214.4
65,32,181.9
65,33,150.4
65,34,119.9
65,35,90.403
65,36,90.403
65,37,90.403
65,38,90.403
65,39,90.403
65,40,90.403
65,41,90.403
65,42,90.403
65,43,90.403
65,44,90.403
65,45,90.403
65,46,71.904
65,47,54.404
65,48,37.906
65,49,22.407
65,50,7.9104
65,51,7.9104
65,52,7.9104
65,53,7.9104
65,54,7.9104
65,55,7.9104
65,56,7.9104
65,57,7.9104
65,58,7.9104
65,59,7.9104
65,60,7.9104
65,61,4.5413
65,62,2.1694
65,63,0.73576
65,64,0.10653
66,0,0
66,1,0
66,2,0
66,3,0
66,4,0
66,5,0
66,6,0
66,7,0
66,8,0
66,9,0
66,10,0
66,11,0
66,12,0
66,13,0
66,14,0
66,15,0
66,16,0
66,17,0
66,18,0
66,19,0
66,20,0
66,21,0
66,22,0
66,23,0
66,24,0
66,25,0
66,26,0
66,27,0
66,28,0
66,29,0
66,30,0
66,31,0
66,32,0
66,33,0
66,34,0
66,35,0
66,36,0
66,37,0
66,38,0
66,39,0
66,40,0
66,41,0
66,42,0
66,43,0
66,44,0
66,45,0
66,46,0
66,47,0
66,48,0
66,49,0
66,50,0
66,51,0
66,52,0
66,53,0
66,54,0
66,55,0
66,56,0
66,57,0
66,58,0
66,59,0
66,60,0
66,61,0
66,62,0
66,63,0
66,64,0
66,65,0
67,0,0
67,1,0
67,2,0
67,3,0
67,4,0
67,5,0
67,6,0
67,7,0
67,8,0
67,9,0
67,10,0
67,11,0
67,12,0
67,13,0
67,14,0
67,15,0
67,16,0
67,17,0
67,18,0
67,19,0
67,20,0
67,21,0
67,22,0
67,23,0
67,24,0
67,25,0
67,26,0
67,27,0
67,28,0
67,29,0
67,30,0
67,31,0
67,32,0
67,33,0
67,34,0
67,35,0
67,36,0
67,37,0
67,38,0
67,39,0
67,40,0
67,41,0
67,42,0
67,43,0
67,44,0
67,45,0
67,46,0
67,47,0
67,48,0
67,49,0
67,50,0
67,51,0
67,52,0
67,53,0
67,54,0
67,55,0
67,56,0
67,57,0
67,58,0
67,59,0
67,60,0
67,61,0
67,62,0
67,63,0
67,64,0
67,65,0
67,66,0
68,0,0
68,1,0
68,2,0
68,3,0
68,4,0
68,5,0
68,6,0
68,7,0
68,8,0
68,9,0
68,10,0
68,11,0
68,12,0
68,13,0
68,14,0
68,15,0
68,16,0
68,17,0
68,18,0
68,19,0
68,20,0
68,21,0
68,22,0
68,23,0
68,24,0
68,25,0
68,26,0
68,27,0
68,28,0
68,29,0
68,30,0
68,31,0
68,32,0
68,33,0
68,34,0
68,35,0
68,36,0
68,37,0
68,38,0
68,39,0
68,40,0
68,41,0
68,42,0
68,43,0
68,44,0
68,45,0
68,46,0
68,47,0
68,48,0
68,49,0
68,50,0
68,51,0
68,52,0
68,53,0
68,54,0
68,55,0
68,56,0
68,57,0
68,58,0
68,59,0
68,60,0
68,61,0
68,62,0
68,63,0
68,64,0
68,65,0
68,66,0
68,67,0
69,0,0
69,1,0
69,2,0
69,3,0
69,4,0
69,5,0
69,6,0
69,7,0
69,8,0
69,9,0
69,10,0
69,11,0
69,12,0
69,13,0
69,14,0
69,15,0
69,16,0
69,17,0
69,18,0
69,19,0
69,20,0
69,21,0
69,22,0
69,23,0
69,24,0
69,25,0
69,26,0
69,27,0
69,28,0
69,29,0
69,30,0
69,31,0
69,32,0
69,33,0
69,34,0
69,35,0
69,36,0
69,37,0
69,38,0
69,39,0
69,40,0
69,41,0
69,42,0
69,43,0
69,44,0
69,45,0
69,46,0
69,47,0
69,48,0
69,49,0
69,50,0
69,51,0
69,52,0
69,53,0
69,54,0
69,55,0
69,56,0
69,57,0
69,58,0
69,59,0
69,60,0
69,61,0
69,62,0
69,63,0
69,64,0
69,65,0
69,66,0
69,67,0
69,68,0
70,0,0
70,1,0
70,2,0
70,3,0
70,4,0
70,5,0
70,6,0
70,7,0
70,8,0
70,9,0
70,10,0
70,11,0
70,12,0
70,13,0
70,14,0
70,15,0
70,16,0
70,17,0
70,18,0
70,19,0
70,20,0
70,21,0
70,22,0
70,23,0
70,24,0
70,25,0
70,26,0
70,27,0
70,28,0
70,29,0
70,30,0
70,31,0
70,32,0
70,33,0
70,34,0
70,35,0
70,36,0
70,37,0
70,38,0
70,39,0
70,40,0
70,41,0
70,42,0
70,43,0
70,44,0
70,45,0
70,46,0
70,47,0
70,48,0
70,49,0
70,50,0
70,51,0
70,52,0
70,53,0
70,54,0
70,55,0
70,56,0
70,57,0
70,58,0
70,59,0
70,60,0
70,61,0
70,62,0
70,63,0
70,64,0
70,65,0
70,66,0
70,67,0
70,68,0
70,69,0
71,0,0
71,1,0
71,2,0
71,3,0
71,4,0
71,5,0
71,6,0
71,7,0
71,8,0
71,9,0
71,10,0
71,11,0
71,12,0
71,13,0
71,14,0
71,15,0
71,16,0
71,17,0
71,18,0
71,19,0
71,20,0
71,21,0
71,22,0
71,23,0
71,24,0
71,25,0
71,26,0
71,27,0
71,28,0
71,29,0
71,30,0
71,31,0
71,32,0
71,33,0
71,34,0
71,35,0
71,36,0
71,37,0
71,38,0
71,39,0
71,40,0
71,41,0
71,42,0
71,43,0
71,44,0
71,45,0
71,46,0
71,47,0
71,48,0
71,49,0
71,50,0
71,51,0
71,52,0
71,53,0
71,54,0
71,55,0
71,56,0
71,57,0
71,58,0
71,59,0
71,60,0
71,61,0
71,62,0
71,63,0
71,64,0
71,65,0
71,66,0
71,67,0
71,68,0
71,69,0
71,70,0
72,0,0
72,1,0
72,2,0
72,3,0
72,4,0
72,5,0
72,6,0
72,7,0
72,8,0
72,9,0
72,10,0
72,11,0
72,12,0
72,13,0
72,14,0
72,15,0
72,16,0
72,17,0
72,18,0
72,19,0
72,20,0
72,21,0
72,22,0
72,23,0
72,24,0
72,25,0
72,26,0
72,27,0
72,28,0
72,29,0
72,30,0
72,31,0
72,32,0
72,33,0
72,34,0
72,35,0
72,36,0
72,37,0
72,38,0
72,39,0
72,40,0
72,41,0
72,42,0
72,43,0
72,44,0
72,45,0
72,46,0
72,47,0
72,48,0
72,49,0
72,50,0
72,51,0
72,52,0
72,53,0
72,54,0
72,55,0
72,56,0
72,57,0
72,58,0
72,59,0
72,60,0
72,61,0
72,62,0
72,63,0
72,64,0
72,65,0
72,66,0
72,67,0
72,68,0
72,69,0
72,70,0
72,71,0
73,0,0
73,1,0
73,2,0
73,3,0
73,4,0
73,5,0
73,6,0
73,7,0
73,8,0
73,9,0
73,10,0
73,11,0
73,12,0
73,13,0
73,14,0
73,15,0
73,16,0
73,17,0
73,18,0
73,19,0
73,20,0
73,21,0
73,22,0
73,23,0
73,24,0
73,25,0
73,26,0
73,27,0
73,28,0
73,29,0
73,30,0
73,31,0
73,32,0
73,33,0
73,34,0
73,35,0
73,36,0
73,37,0
73,38,0
73,39,0
73,40,0
73,41,0
73,42,0
73,43,0
73,44,0
73,45,0
73,46,0
73,47,0
73,48,0
73,49,0
73,50,0
73,51,0
73,52,0
73,53,0
73,54,0
73,55,0
73,56,0
73,57,0
73,58,0
73,59,0
73,60,0
73,61,0
73,62,0
73,63,0
73,64,0
73,65,0
73,66,0
73,67,0
73,68,0
73,69,0
73,70,0
73,71,0
73,72,0
74,0,0
74,1,0
74,2,0
74,3,0
74,4,0
74,5,0
74,6,0
74,7,0
74,8,0
74,9,0
74,10,0
74,11,0
74,12,0
74,13,0
74,14,0
74,15,0
74,16,0
74,17,0
74,18,0
74,19,0
74,20,0
74,21,0
74,22,0
74,23,0
74,24,0
74,25,0
74,26,0
74,27,0
74,28,0
74,29,0
74,30,0
74,31,0
74,32,0
74,33,0
74,34,0
74,35,0
74,36,0
74,37,0
74,38,0
74,39,0
74,40,0
74,41,0
74,42,0
74,43,0
74,44,0
74,45,0
74,46,0
74,47,0
74,48,0
74,49,0
74,50,0
74,51,0
74,52,0
74,53,0
74,54,0
74,55,0
74,56,0
74,57,0
74,58,0
74,59,0
74,60,0
74,61,0
74,62,0
74,63,0
74,64,0
74,65,0
74,66,0
74,67,0
74,68,0
74,69,0
74,70,0
74,71,0
74,72,0
74,73,0
75,0,1037.4
75,1,963.94
75,2,891.44
75,3,819.94
75,4,749.44
75,5,679.94
75,6,679.94
75,7,679.94
75,8,679.94
75,9,679.94
75,10,679.94
75,11,679.94
75,12,679.94
75,13,679.94
75,14,679.94
75,15,679.94
75,16,621.44
75,17,563.94
75,18,507.44
75,19,451.94
75,20,397.44
75,21,397.44
75,22,397.44
75,23,397.44
75,24,397.44
75,25,397.44
75,26,397.44
75,27,397.44
75,28,397.44
75,29,397.44
75,30,397.44
75,31,353.94
75,32,311.44
75,33,269.94
75,34,229.44
75,35,189.94
75,36,189.94
75,37,189.94
75,38,189.94
75,39,189.94
75,40,189.94
75,41,189.94
75,42,189.94
75,43,189.94
75,44,189.94
75,45,189.94
75,46,161.44
75,47,133.94
75,48,107.44
75,49,81.941
75,50,57.441
75,51,57.441
75,52,57.441
75,53,57.441
75,54,57.441
75,55,57.441
75,56,57.441
75,57,57.441
75,58,57.441
75,59,57.441
75,60,57.441
75,61,43.945
75,62,31.452
75,63,19.962
75,64,9.4776
75,65,0
75,66,0
75,67,0
75,68,0
75,69,0
75,70,0
75,71,0
75,72,0
75,73,0
75,74,0
76,0,1062.6
76,1,988.07
76,2,914.57
76,3,842.07
76,4,770.57
76,5,700.07
76,6,700.07
76,7,700.07
76,8,700.07
76,9,700.07
76,10,700.07
76,11,700.07
76,12,700.07
76,13,700.07
76,14,700.07
76,15,700.07
76,16,640.57
76,17,582.07
76,18,524.57
76,19,468.07
76,20,412.57
76,21,412.57
76,22,412.57
76,23,412.57
76,24,412.57
76,25,412.57
76,26,412.57
76,27,412.57
76,28,412.57
76,29,412.57
76,30,412.57
76,31,368.07
76,32,324.57
76,33,282.07
76,34,240.57
76,35,200.07
76,36,200.07
76,37,200.07
76,38,200.07
76,39,200.07
76,40,200.07
76,41,200.07
76,42,200.07
76,43,200.07
76,44,200.07
76,45,200.07
76,46,170.57
76,47,142.07
76,48,114.57
76,49,88.067
76,50,62.567
76,51,62.567
76,52,62.567
76,53,62.567
76,54,62.567
76,55,62.567
76,56,62.567
76,57,62.567
76,58,62.567
76,59,62.567
76,60,62.567
76,61,48.07
76,62,34.574
76,63,22.081
76,64,10.591
76,65,0.10653
76,66,0.10653
76,67,0.10653
76,68,0.10653
76,69,0.10653
76,70,0.10653
76,71,0.10653
76,72,0.10653
76,73,0.10653
76,74,0.10653
76,75,0.10653
77,0,1088.2
77,1,1012.7
77,2,938.21
77,3,864.71
77,4,792.21
77,5,720.71
77,6,720.71
77,7,720.71
77,8,720.71
77,9,720.71
77,10,720.71
77,11,720.71
77,12,720.71
77,13,720.71
77,14,720.71
77,15,720.71
77,16,660.21
77,17,600.71
77,18,542.21
77,19,484.71
77,20,428.21
77,21,428.21
77,22,428.21
77,23,428.21
77,24,428.21
77,25,428.21
77,26,428.21
77,27,428.21
77,28,428.21
77,29,428.21
77,30,428.21
77,31,382.71
77,32,338.21
77,33,294.71
77,34,252.21
77,35,210.71
77,36,210.71
77,37,210.71
77,38,210.71
77,39,210.71
77,40,210.71
77,41,210.71
77,42,210.71
77,43,210.71
77,44,210.71
77,45,210.71
77,46,180.21
77,47,150.71
77,48,122.21
77,49,94.709
77,50,68.209
77,51,68.209
77,52,68.209
77,53,68.209
77,54,68.209
77,55,68.209
77,56,68.209
77,57,68.209
77,58,68.209
77,59,68.209
77,60,68.209
77,61,52.711
77,62,38.214
77,63,24.719
77,64,12.226
77,65,0.73576
77,66,0.73576
77,67,0.73576
77,68,0.73576
77,69,0.73576
77,70,0.73576
77,71,0.73576
77,72,0.73576
77,73,0.73576
77,74,0.73576
77,75,0.73576
77,76,0.10653
78,0,1114.7
78,1,1038.2
78,2,962.65
78,3,888.15
78,4,814.65
78,5,742.15
78,6,742.15
78,7,742.15
78,8,742.15
78,9,742.15
78,10,742.15
78,11,742.15
78,12,742.15
78,13,742.15
78,14,742.15
78,15,742.15
78,16,680.65
78,17,620.15
78,18,560.65
78,19,502.15
78,20,444.65
78,21,444.65
78,22,444.65
78,23,444.65
78,24,444.65
78,25,444.65
78,26,444.65
78,27,444.65
78,28,444.65
78,29,444.65
78,30,444.65
78,31,398.15
78,32,352.65
78,33,308.15
78,34,264.65
78,35,222.15
78,36,222.15
78,37,222.15
78,38,222.15
78,39,222.15
78,40,222.15
78,41,222.15
78,42,222.15
78,43,222.15
78,44,222.15
78,45,222.15
78,46,190.65
78,47,160.15
78,48,130.65
78,49,102.15
78,50,74.652
78,51,74.652
78,52,74.652
78,53,74.652
78,54,74.652
78,55,74.652
78,56,74.652
78,57,74.652
78,58,74.652
78,59,74.652
78,60,74.652
78,61,58.153
78,62,42.655
78,63,28.158
78,64,14.663
78,65,2.1694
78,66,2.1694
78,67,2.1694
78,68,2.1694
78,69,2.1694
78,70,2.1694
78,71,2.1694
78,72,2.1694
78,73,2.1694
78,74,2.1694
78,75,2.1694
78,76,0.73576
78,77,0.10653
79,0,1142.
79,1,1064.5
79,2,988.03
79,3,912.53
79,4,838.03
79,5,764.53
79,6,764.53
79,7,764.53
79,8,764.53
79,9,764.53
79,10,764.53
79,11,764.53
79,12,764.53
79,13,764.53
79,14,764.53
79,15,764.53
79,16,702.03
79,17,640.53
79,18,580.03
79,19,520.53
79,20,462.03
79,21,462.03
79,22,462.03
79,23,462.03
79,24,462.03
79,25,462.03
79,26,462.03
79,27,462.03
79,28,462.03
79,29,462.03
79,30,462.03
79,31,414.53
79,32,368.03
79,33,322.53
79,34,278.03
79,35,234.53
79,36,234.53
79,37,234.53
79,38,234.53
79,39,234.53
79,40,234.53
79,41,234.53
79,42,234.53
79,43,234.53
79,44,234.53
79,45,234.53
79,46,202.03
79,47,170.53
79,48,140.03
79,49,110.53
79,50,82.03
79,51,82.03
79,52,82.03
79,53,82.03
79,54,82.03
79,55,82.03
79,56,82.03
79,57,82.03
79,58,82.03
79,59,82.03
79,60,82.03
79,61,64.531
79,62,48.032
79,63,32.534
79,64,18.037
79,65,4.5413
79,66,4.5413
79,67,4.5413
79,68,4.5413
79,69,4.5413
79,70,4.5413
79,71,4.5413
79,72,4.5413
79,73,4.5413
79,74,4.5413
79,75,4.5413
79,76,2.1694
79,77,0.73576
79,78,0.10653
80,0,1170.4
80,1,1091.9
80,2,1014.4
80,3,937.9
80,4,862.4
80,5,787.9
80,6,787.9
80,7,787.9
80,8,787.9
80,9,787.9
80,10,787.9
80,11,787.9
80,12,787.9
80,13,787.9
80,14,787.9
80,15,787.9
80,16,724.4
80,17,661.9
80,18,600.4
80,19,539.9
80,20,480.4
80,21,480.4
80,22,480.4
80,23,480.4
80,24,480.4
80,25,480.4
80,26,480.4
80,27,480.4
80,28,480.4
80,29,480.4
80,30,480.4
80,31,431.9
80,32,384.4
80,33,337.9
80,34,292.4
80,35,247.9
80,36,247.9
80,37,247.9
80,38,247.9
80,39,247.9
80,40,247.9
80,41,247.9
80,42,247.9
80,43,247.9
80,44,247.9
80,45,247.9
80,46,214.4
80,47,181.9
80,48,150.4
80,49,119.9
80,50,90.403
80,51,90.403
80,52,90.403
80,53,90.403
80,54,90.403
80,55,90.403
80,56,90.403
80,57,90.403
80,58,90.403
80,59,90.403
80,60,90.403
80,61,71.904
80,62,54.404
80,63,37.906
80,64,22.407
80,65,7.9104
80,66,7.9104
80,67,7.9104
80,68,7.9104
80,69,7.9104
80,70,7.9104
80,71,7.9104
80,72,7.9104
80,73,7.9104
80,74,7.9104
80,75,7.9104
80,76,4.5413
80,77,2.1694
80,78,0.73576
80,79,0.10653
81,0,0
81,1,0
81,2,0
81,3,0
81,4,0
81,5,0
81,6,0
81,7,0
81,8,0
81,9,0
81,10,0
81,11,0
81,12,0
81,13,0
81,14,0
81,15,0
81,16,0
81,17,0
81,18,0
81,19,0
81,20,0
81,21,0
81,22,0
81,23,0
81,24,0
81,25,0
81,26,0
81,27,0
81,28,0
81,29,0
81,30,0
81,31,0
81,32,0
81,33,0
81,34,0
81,35,0
81,36,0
81,37,0
81,38,0
81,39,0
81,40,0
81,41,0
81,42,0
81,43,0
81,44,0
81,45,0
81,46,0
81,47,0
81,48,0
81,49,0
81,50,0
81,51,0
81,52,0
81,53,0
81,54,0
81,55,0
81,56,0
81,57,0
81,58,0
81,59,0
81,60,0
81,61,0
81,62,0
81,63,0
81,64,0
81,65,0
81,66,0
81,67,0
81,68,0
81,69,0
81,70,0
81,71,0
81,72,0
81,73,0
81,74,0
81,75,0
81,76,0
81,77,0
81,78,0
81,79,0
81,80,0
82,0,0
82,1,0
82,2,0
82,3,0
82,4,0
82,5,0
82,6,0
82,7,0
82,8,0
82,9,0
82,10,0
82,11,0
82,12,0
82,13,0
82,14,0
82,15,0
82,16,0
82,17,0
82,18,0
82,19,0
82,20,0
82,21,0
82,22,0
82,23,0
82,24,0
82,25,0
82,26,0
82,27,0
82,28,0
82,29,0
82,30,0
82,31,0
82,32,0
82,33,0
82,34,0
82,35,0
82,36,0
82,37,0
82,38,0
82,39,0
82,40,0
82,41,0
82,42,0
82,43,0
82,44,0
82,45,0
82,46,0
82,47,0
82,48,0
82,49,0
82,50,0
82,51,0
82,52,0
82,53,0
82,54,0
82,55,0
82,56,0
82,57,0
82,58,0
82,59,0
82,60,0
82,61,0
82,62,0
82,63,0
82,64,0
82,65,0
82,66,0
82,67,0
82,68,0
82,69,0
82,70,0
82,71,0
82,72,0
82,73,0
82,74,0
82,75,0
82,76,0
82,77,0
82,78,0
82,79,0
82,80,0
82,81,0
83,0,0
83,1,0
83,2,0
83,3,0
83,4,0
83,5,0
83,6,0
83,7,0
83,8,0
83,9,0
83,10,0
83,11,0
83,12,0
83,13,0
83,14,0
83,15,0
83,16,0
83,17,0
83,18,0
83,19,0
83,20,0
83,21,0
83,22,0
83,23,0
83,24,0
83,25,0
83,26,0
83,27,0
83,28,0
83,29,0
83,30,0
83,31,0
83,32,0
83,33,0
83,34,0
83,35,0
83,36,0
83,37,0
83,38,0
83,39,0
83,40,0
83,41,0
83,42,0
83,43,0
83,44,0
83,45,0
83,46,0
83,47,0
83,48,0
83,49,0
83,50,0
83,51,0
83,52,0
83,53,0
83,54,0
83,55,0
83,56,0
83,57,0
83,58,0
83,59,0
83,60,0
83,61,0
83,62,0
83,63,0
83,64,0
83,65,0
83,66,0
83,67,0
83,68,0
83,69,0
83,70,0
83,71,0
83,72,0
83,73,0
83,74,0
83,75,0
83,76,0
83,77,0
83,78,0
83,79,0
83,80,0
83,81,0
83,82,0
84,0,0
84,1,0
84,2,0
84,3,0
84,4,0
84,5,0
84,6,0
84,7,0
84,8,0
84,9,0
84,10,0
84,11,0
84,12,0
84,13,0
84,14,0
84,15,0
84,16,0
84,17,0
84,18,0
84,19,0
84,20,0
84,21,0
84,22,0
84,23,0
84,24,0
84,25,0
84,26,0
84,27,0
84,28,0
84,29,0
84,30,0
84,31,0
84,32,0
84,33,0
84,34,0
84,35,0
84,36,0
84,37,0
84,38,0
84,39,0
84,40,0
84,41,0
84,42,0
84,43,0
84,44,0
84,45,0
84,46,0
84,47,0
84,48,0
84,49,0
84,50,0
84,51,0
84,52,0
84,53,0
84,54,0
84,55,0
84,56,0
84,57,0
84,58,0
84,59,0
84,60,0
84,61,0
84,62,0
84,63,0
84,64,0
84,65,0
84,66,0
84,67,0
84,68,0
84,69,0
84,70,0
84,71,0
84,72,0
84,73,0
84,74,0
84,75,0
84,76,0
84,77,0
84,78,0
84,79,0
84,80,0
84,81,0
84,82,0
84,83,0
85,0,0
85,1,0
85,2,0
85,3,0
85,4,0
85,5,0
85,6,0
85,7,0
85,8,0
85,9,0
85,10,0
85,11,0
85,12,0
85,13,0
85,14,0
85,15,0
85,16,0
85,17,0
85,18,0
85,19,0
85,20,0
85,21,0
85,22,0
85,23,0
85,24,0
85,25,0
85,26,0
85,27,0
85,28,0
85,29,0
85,30,0
85,31,0
85,32,0
85,33,0
85,34,0
85,35,0
85,36,0
85,37,0
85,38,0
85,39,0
85,40,0
85,41,0
85,42,0
85,43,0
85,44,0
85,45,0
85,46,0
85,47,0
85,48,0
85,49,0
85,50,0
85,51,0
85,52,0
85,53,0
85,54,0
85,55,0
85,56,0
85,57,0
85,58,0
85,59,0
85,60,0
85,61,0
85,62,0
85,63,0
85,64,0
85,65,0
85,66,0
85,67,0
85,68,0
85,69,0
85,70,0
85,71,0
85,72,0
85,73,0
85,74,0
85,75,0
85,76,0
85,77,0
85,78,0
85,79,0
85,80,0
85,81,0
85,82,0
85,83,0
85,84,0
86,0,0
86,1,0
86,2,0
86,3,0
86,4,0
86,5,0
86,6,0
86,7,0
86,8,0
86,9,0
86,10,0
86,11,0
86,12,0
86,13,0
86,14,0
86,15,0
86,16,0
86,17,0
86,18,0
86,19,0
86,20,0
86,21,0
86,22,0
86,23,0
86,24,0
86,25,0
86,26,0
86,27,0
86,28,0
86,29,0
86,30,0
86,31,0
86,32,0
86,33,0
86,34,0
86,35,0
86,36,0
86,37,0
86,38,0
86,39,0
86,40,0
86,41,0
86,42,0
86,43,0
86,44,0
86,45,0
86,46,0
86,47,0
86,48,0
86,49,0
86,50,0
86,51,0
86,52,0
86,53,0
86,54,0
86,55,0
86,56,0
86,57,0
86,58,0
86,59,0
86,60,0
86,61,0
86,62,0
86,63,0
86,64,0
86,65,0
86,66,0
86,67,0
86,68,0
86,69,0
86,70,0
86,71,0
86,72,0
86,73,0
86,74,0
86,75,0
86,76,0
86,77,0
86,78,0
86,79,0
86,80,0
86,81,0
86,82,0
86,83,0
86,84,0
86,85,0
87,0,0
87,1,0
87,2,0
87,3,0
87,4,0
87,5,0
87,6,0
87,7,0
87,8,0
87,9,0
87,10,0
87,11,0
87,12,0
87,13,0
87,14,0
87,15,0
87,16,0
87,17,0
87,18,0
87,19,0
87,20,0
87,21,0
87,22,0
87,23,0
87,24,0
87,25,0
87,26,0
87,27,0
87,28,0
87,29,0
87,30,0
87,31,0
87,32,0
87,33,0
87,34,0
87,35,0
87,36,0
87,37,0
87,38,0
87,39,0
87,40,0
87,41,0
87,42,0
87,43,0
87,44,0
87,45,0
87,46,0
87,47,0
87,48,0
87,49,0
87,50,0
87,51,0
87,52,0
87,53,0
87,54,0
87,55,0
87,56,0
87,57,0
87,58,0
87,59,0
87,60,0
87,61,0
87,62,0
87,63,0
87,64,0
87,65,0
87,66,0
87,67,0
87,68,0
87,69,0
87,70,0
87,71,0
87,72,0
87,73,0
87,74,0
87,75,0
87,76,0
87,77,0
87,78,0
87,79,0
87,80,0
87,81,0
87,82,0
87,83,0
87,84,0
87,85,0
87,86,0
88,0,0
88,1,0
88,2,0
88,3,0
88,4,0
88,5,0
88,6,0
88,7,0
88,8,0
88,9,0
88,10,0
88,11,0
88,12,0
88,13,0
88,14,0
88,15,0
88,16,0
88,17,0
88,18,0
88,19,0
88,20,0
88,21,0
88,22,0
88,23,0
88,24,0
88,25,0
88,26,0
88,27,0
88,28,0
88,29,0
88,30,0
88,31,0
88,32,0
88,33,0
88,34,0
88,35,0
88,36,0
88,37,0
88,38,0
88,39,0
88,40,0
88,41,0
88,42,0
88,43,0
88,44,0
88,45,0
88,46,0
88,47,0
88,48,0
88,49,0
88,50,0
88,51,0
88,52,0
88,53,0
88,54,0
88,55,0
88,56,0
88,57,0
88,58,0
88,59,0
88,60,0
88,61,0
88,62,0
88,63,0
88,64,0
88,65,0
88,66,0
88,67,0
88,68,0
88,69,0
88,70,0
88,71,0
88,72,0
88,73,0
88,74,0
88,75,0
88,76,0
88,77,0
88,78,0
88,79,0
88,80,0
88,81,0
88,82,0
88,83,0
88,84,0
88,85,0
88,86,0
88,87,0
89,0,0
89,1,0
89,2,0
89,3,0
89,4,0
89,5,0
89,6,0
89,7,0
89,8,0
89,9,0
89,10,0
89,11,0
89,12,0
89,13,0
89,14,0
89,15,0
89,16,0
89,17,0
89,18,0
89,19,0
89,20,0
89,21,0
89,22,0
89,23,0
89,24,0
89,25,0
89,26,0
89,27,0
89,28,0
89,29,0
89,30,0
89,31,0
89,32,0
89,33,0
89,34,0
89,35,0
89,36,0
89,37,0
89,38,0
89,39,0
89,40,0
89,41,0
89,42,0
89,43,0
89,44,0
89,45,0
89,46,0
89,47,0
89,48,0
89,49,0
89,50,0
89,51,0
89,52,0
89,53,0
89,54,0
89,55,0
89,56,0
89,57,0
89,58,0
89,59,0
89,60,0
89,61,0
89,62,0
89,63,0
89,64,0
89,65,0
89,66,0
89,67,0
89,68,0
89,69,0
89,70,0
89,71,0
89,72,0
89,73,0
89,74,0
89,75,0
89,76,0
89,77,0
89,78,0
89,79,0
89,80,0
89,81,0
89,82,0
89,83,0
89,84,0
89,85,0
89,86,0
89,87,0
89,88,0
90,0,1469.9
90,1,1381.4
90,2,1293.9
90,3,1207.4
90,4,1121.9
90,5,1037.4
90,6,1037.4
90,7,1037.4
90,8,1037.4
90,9,1037.4
90,10,1037.4
90,11,1037.4
90,12,1037.4
90,13,1037.4
90,14,1037.4
90,15,1037.4
90,16,963.94
90,17,891.44
90,18,819.94
90,19,749.44
90,20,679.94
90,21,679.94
90,22,679.94
90,23,679.94
90,24,679.94
90,25,679.94
90,26,679.94
90,27,679.94
90,28,679.94
90,29,679.94
90,30,679.94
90,31,621.44
90,32,563.94
90,33,507.44
90,34,451.94
90,35,397.44
90,36,397.44
90,37,397.44
90,38,397.44
90,39,397.44
90,40,397.44
90,41,397.44
90,42,397.44
90,43,397.44
90,44,397.44
90,45,397.44
90,46,353.94
90,47,311.44
90,48,269.94
90,49,229.44
90,50,189.94
90,51,189.94
90,52,189.94
90,53,189.94
90,54,189.94
90,55,189.94
90,56,189.94
90,57,189.94
90,58,189.94
90,59,189.94
90,60,189.94
90,61,161.44
90,62,133.94
90,63,107.44
90,64,81.941
90,65,57.441
90,66,57.441
90,67,57.441
90,68,57.441
90,69,57.441
90,70,57.441
90,71,57.441
90,72,57.441
90,73,57.441
90,74,57.441
90,75,57.441
90,76,43.945
90,77,31.452
90,78,19.962
90,79,9.4776
90,80,0
90,81,0
90,82,0
90,83,0
90,84,0
90,85,0
90,86,0
90,87,0
90,88,0
90,89,0
91,0,1500.1
91,1,1410.6
91,2,1322.1
91,3,1234.6
91,4,1148.1
91,5,1062.6
91,6,1062.6
91,7,1062.6
91,8,1062.6
91,9,1062.6
91,10,1062.6
91,11,1062.6
91,12,1062.6
91,13,1062.6
91,14,1062.6
91,15,1062.6
91,16,988.07
91,17,914.57
91,18,842.07
91,19,770.57
91,20,700.07
91,21,700.07
91,22,700.07
91,23,700.07
91,24,700.07
91,25,700.07
91,26,700.07
91,27,700.07
91,28,700.07
91,29,700.07
91,30,700.07
91,31,640.57
91,32,582.07
91,33,524.57
91,34,468.07
91,35,412.57
91,36,412.57
91,37,412.57
91,38,412.57
91,39,412.57
91,40,412.57
91,41,412.57
91,42,412.57
91,43,412.57
91,44,412.57
91,45,412.57
91,46,368.07
91,47,324.57
91,48,282.07
91,49,240.57
91,50,200.07
91,51,200.07
91,52,200.07
91,53,200.07
91,54,200.07
91,55,200.07
91,56,200.07
91,57,200.07
91,58,200.07
91,59,200.07
91,60,200.07
91,61,170.57
91,62,142.07
91,63,114.57
91,64,88.067
91,65,62.567
91,66,62.567
91,67,62.567
91,68,62.567
91,69,62.567
91,70,62.567
91,71,62.567
91,72,62.567
91,73,62.567
91,74,62.567
91,75,62.567
91,76,48.07
91,77,34.574
91,78,22.081
91,79,10.591
91,80,0.10653
91,81,0.10653
91,82,0.10653
91,83,0.10653
91,84,0.10653
91,85,0.10653
91,86,0.10653
91,87,0.10653
91,88,0.10653
91,89,0.10653
91,90,0.10653
92,0,1530.7
92,1,1440.2
92,2,1350.7
92,3,1262.2
92,4,1174.7
92,5,1088.2
92,6,1088.2
92,7,1088.2
92,8,1088.2
92,9,1088.2
92,10,1088.2
92,11,1088.2
92,12,1088.2
92,13,1088.2
92,14,1088.2
92,15,1088.2
92,16,1012.7
92,17,938.21
92,18,864.71
92,19,792.21
92,20,720.71
92,21,720.71
92,22,720.71
92,23,720.71
92,24,720.71
92,25,720.71
92,26,720.71
92,27,720.71
92,28,720.71
92,29,720.71
92,30,720.71
92,31,660.21
92,32,600.71
92,33,542.21
92,34,484.71
92,35,428.21
92,36,428.21
92,37,428.21
92,38,428.21
92,39,428.21
92,40,428.21
92,41,428.21
92,42,428.21
92,43,428.21
92,44,428.21
92,45,428.21
92,46,382.71
92,47,338.21
92,48,294.71
92,49,252.21
92,50,210.71
92,51,210.71
92,52,210.71
92,53,210.71
92,54,210.71
92,55,210.71
92,56,210.71
92,57,210.71
92,58,210.71
92,59,210.71
92,60,210.71
92,61,180.21
92,62,150.71
92,63,122.21
92,64,94.709
92,65,68.209
92,66,68.209
92,67,68.209
92,68,68.209
92,69,68.209
92,70,68.209
92,71,68.209
92,72,68.209
92,73,68.209
92,74,68.209
92,75,68.209
92,76,52.711
92,77,38.214
92,78,24.719
92,79,12.226
92,80,0.73576
92,81,0.73576
92,82,0.73576
92,83,0.73576
92,84,0.73576
92,85,0.73576
92,86,0.73576
92,87,0.73576
92,88,0.73576
92,89,0.73576
92,90,0.73576
92,91,0.10653
93,0,1562.2
93,1,1470.7
93,2,1380.2
93,3,1290.7
93,4,1202.2
93,5,1114.7
93,6,1114.7
93,7,1114.7
93,8,1114.7
93,9,1114.7
93,10,1114.7
93,11,1114.7
93,12,1114.7
93,13,1114.7
93,14,1114.7
93,15,1114.7
93,16,1038.2
93,17,962.65
93,18,888.15
93,19,814.65
93,20,742.15
93,21,742.15
93,22,742.15
93,23,742.15
93,24,742.15
93,25,742.15
93,26,742.15
93,27,742.15
93,28,742.15
93,29,742.15
93,30,742.15
93,31,680.65
93,32,620.15
93,33,560.65
93,34,502.15
93,35,444.65
93,36,444.65
93,37,444.65
93,38,444.65
93,39,444.65
93,40,444.65
93,41,444.65
93,42,444.65
93,43,444.65
93,44,444.65
93,45,444.65
93,46,398.15
93,47,352.65
93,48,308.15
93,49,264.65
93,50,222.15
93,51,222.15
93,52,222.15
93,53,222.15
93,54,222.15
93,55,222.15
93,56,222.15
93,57,222.15
93,58,222.15
93,59,222.15
93,60,222.15
93,61,190.65
93,62,160.15
93,63,130.65
93,64,102.15
93,65,74.652
93,66,74.652
93,67,74.652
93,68,74.652
93,69,74.652
93,70,74.652
93,71,74.652
93,72,74.652
93,73,74.652
93,74,74.652
93,75,74.652
93,76,58.153
93,77,42.655
93,78,28.158
93,79,14.663
93,80,2.1694
93,81,2.1694
93,82,2.1694
93,83,2.1694
93,84,2.1694
93,85,2.1694
93,86,2.1694
93,87,2.1694
93,88,2.1694
93,89,2.1694
93,90,2.1694
93,91,0.73576
93,92,0.10653
94,0,1594.5
94,1,1502.
94,2,1410.5
94,3,1320.
94,4,1230.5
94,5,1142.
94,6,1142.
94,7,1142.
94,8,1142.
94,9,1142.
94,10,1142.
94,11,1142.
94,12,1142.
94,13,1142.
94,14,1142.
94,15,1142.
94,16,1064.5
94,17,988.03
94,18,912.53
94,19,838.03
94,20,764.53
94,21,764.53
94,22,764.53
94,23,764.53
94,24,764.53
94,25,764.53
94,26,764.53
94,27,764.53
94,28,764.53
94,29,764.53
94,30,764.53
94,31,702.03
94,32,640.53
94,33,580.03
94,34,520.53
94,35,462.03
94,36,462.03
94,37,462.03
94,38,462.03
94,39,462.03
94,40,462.03
94,41,462.03
94,42,462.03
94,43,462.03
94,44,462.03
94,45,462.03
94,46,414.53
94,47,368.03
94,48,322.53
94,49,278.03
94,50,234.53
94,51,234.53
94,52,234.53
94,53,234.53
94,54,234.53
94,55,234.53
94,56,234.53
94,57,234.53
94,58,234.53
94,59,234.53
94,60,234.53
94,61,202.03
94,62,170.53
94,63,140.03
94,64,110.53
94,65,82.03
94,66,82.03
94,67,82.03
94,68,82.03
94,69,82.03
94,70,82.03
94,71,82.03
94,72,82.03
94,73,82.03
94,74,82.03
94,75,82.03
94,76,64.531
94,77,48.032
94,78,32.534
94,79,18.037
94,80,4.5413
94,81,4.5413
94,82,4.5413
94,83,4.5413
94,84,4.5413
94,85,4.5413
94,86,4.5413
94,87,4.5413
94,88,4.5413
94,89,4.5413
94,90,4.5413
94,91,2.1694
94,92,0.73576
94,93,0.10653
95,0,1627.9
95,1,1534.4
95,2,1441.9
95,3,1350.4
95,4,1259.9
95,5,1170.4
95,6,1170.4
95,7,1170.4
95,8,1170.4
95,9,1170.4
95,10,1170.4
95,11,1170.4
95,12,1170.4
95,13,1170.4
95,14,1170.4
95,15,1170.4
95,16,1091.9
95,17,1014.4
95,18,937.9
95,19,862.4
95,20,787.9
95,21,787.9
95,22,787.9
95,23,787.9
95,24,787.9
95,25,787.9
95,26,787.9
95,27,787.9
95,28,787.9
95,29,787.9
95,30,787.9
95,31,724.4
95,32,661.9
95,33,600.4
95,34,539.9
95,35,480.4
95,36,480.4
95,37,480.4
95,38,480.4
95,39,480.4
95,40,480.4
95,41,480.4
95,42,480.4
95,43,480.4
95,44,480.4
95,45,480.4
95,46,431.9
95,47,384.4
95,48,337.9
95,49,292.4
95,50,247.9
95,51,247.9
95,52,247.9
95,53,247.9
95,54,247.9
95,55,247.9
95,56,247.9
95,57,247.9
95,58,247.9
95,59,247.9
95,60,247.9
95,61,214.4
95,62,181.9
95,63,150.4
95,64,119.9
95,65,90.403
95,66,90.403
95,67,90.403
95,68,90.403
95,69,90.403
95,70,90.403
95,71,90.403
95,72,90.403
95,73,90.403
95,74,90.403
95,75,90.403
95,76,71.904
95,77,54.404
95,78,37.906
95,79,22.407
95,80,7.9104
95,81,7.9104
95,82,7.9104
95,83,7.9104
95,84,7.9104
95,85,7.9104
95,86,7.9104
95,87,7.9104
95,88,7.9104
95,89,7.9104
95,90,7.9104
95,91,4.5413
95,92,2.1694
95,93,0.73576
95,94,0.10653
96,0,0
96,1,0
96,2,0
96,3,0
96,4,0
96,5,0
96,6,0
96,7,0
96,8,0
96,9,0
96,10,0
96,11,0
96,12,0
96,13,0
96,14,0
96,15,0
96,16,0
96,17,0
96,18,0
96,19,0
96,20,0
96,21,0
96,22,0
96,23,0
96,24,0
96,25,0
96,26,0
96,27,0
96,28,0
96,29,0
96,30,0
96,31,0
96,32,0
96,33,0
96,34,0
96,35,0
96,36,0
96,37,0
96,38,0
96,39,0
96,40,0
96,41,0
96,42,0
96,43,0
96,44,0
96,45,0
96,46,0
96,47,0
96,48,0
96,49,0
96,50,0
96,51,0
96,52,0
96,53,0
96,54,0
96,55,0
96,56,0
96,57,0
96,58,0
96,59,0
96,60,0
96,61,0
96,62,0
96,63,0
96,64,0
96,65,0
96,66,0
96,67,0
96,68,0
96,69,0
96,70,0
96,71,0
96,72,0
96,73,0
96,74,0
96,75,0
96,76,0
96,77,0
96,78,0
96,79,0
96,80,0
96,81,0
96,82,0
96,83,0
96,84,0
96,85,0
96,86,0
96,87,0
96,88,0
96,89,0
96,90,0
96,91,0
96,92,0
96,93,0
96,94,0
96,95,0
97,0,0
97,1,0
97,2,0
97,3,0
97,4,0
97,5,0
97,6,0
97,7,0
97,8,0
97,9,0
97,10,0
97,11,0
97,12,0
97,13,0
97,14,0
97,15,0
97,16,0
97,17,0
97,18,0
97,19,0
97,20,0
97,21,0
97,22,0
97,23,0
97,24,0
97,25,0
97,26,0
97,27,0
97,28,0
97,29,0
97,30,0
97,31,0
97,32,0
97,33,0
97,34,0
97,35,0
97,36,0
97,37,0
97,38,0
97,39,0
97,40,0
97,41,0
97,42,0
97,43,0
97,44,0
97,45,0
97,46,0
97,47,0
97,48,0
97,49,0
97,50,0
97,51,0
97,52,0
97,53,0
97,54,0
97,55,0
97,56,0
97,57,0
97,58,0
97,59,0
97,60,0
97,61,0
97,62,0
97,63,0
97,64,0
97,65,0
97,66,0
97,67,0
97,68,0
97,69,0
97,70,0
97,71,0
97,72,0
97,73,0
97,74,0
97,75,0
97,76,0
97,77,0
97,78,0
97,79,0
97,80,0
97,81,0
97,82,0
97,83,0
97,84,0
97,85,0
97,86,0
97,87,0
97,88,0
97,89,0
97,90,0
97,91,0
97,92,0
97,93,0
97,94,0
97,95,0
97,96,0
98,0,0
98,1,0
98,2,0
98,3,0
98,4,0
98,5,0
98,6,0
98,7,0
98,8,0
98,9,0
98,10,0
98,11,0
98,12,0
98,13,0
98,14,0
98,15,0
98,16,0
98,17,0
98,18,0
98,19,0
98,20,0
98,21,0
98,22,0
98,23,0
98,24,0
98,25,0
98,26,0
98,27,0
98,28,0
98,29,0
98,30,0
98,31,0
98,32,0
98,33,0
98,34,0
98,35,0
98,36,0
98,37,0
98,38,0
98,39,0
98,40,0
98,41,0
98,42,0
98,43,0
98,44,0
98,45,0
98,46,0
98,47,0
98,48,0
98,49,0
98,50,0
98,51,0
98,52,0
98,53,0
98,54,0
98,55,0
98,56,0
98,57,0
98,58,0
98,59,0
98,60,0
98,61,0
98,62,0
98,63,0
98,64,0
98,65,0
98,66,0
98,67,0
98,68,0
98,69,0
98,70,0
98,71,0
98,72,0
98,73,0
98,74,0
98,75,0
98,76,0
98,77,0
98,78,0
98,79,0
98,80,0
98,81,0
98,82,0
98,83,0
98,84,0
98,85,0
98,86,0
98,87,0
98,88,0
98,89,0
98,90,0
98,91,0
98,92,0
98,93,0
98,94,0
98,95,0
98,96,0
98,97,0
99,0,0
99,1,0
99,2,0
99,3,0
99,4,0
99,5,0
99,6,0
99,7,0
99,8,0
99,9,0
99,10,0
99,11,0
99,12,0
99,13,0
99,14,0
99,15,0
99,16,0
99,17,0
99,18,0
99,19,0
99,20,0
99,21,0
99,22,0
99,23,0
99,24,0
99,25,0
99,26,0
99,27,0
99,28,0
99,29,0
99,30,0
99,31,0
99,32,0
99,33,0
99,34,0
99,35,0
99,36,0
99,37,0
99,38,0
99,39,0
99,40,0
99,41,0
99,42,0
99,43,0
99,44,0
99,45,0
99,46,0
99,47,0
99,48,0
99,49,0
99,50,0
99,51,0
99,52,0
99,53,0
99,54,0
99,55,0
99,56,0
99,57,0
99,58,0
99,59,0
99,60,0
99,61,0
99,62,0
99,63,0
99,64,0
99,65,0
99,66,0
99,67,0
99,68,0
99,69,0
99,70,0
99,71,0
99,72,0
99,73,0
99,74,0
99,75,0
99,76,0
99,77,0
99,78,0
99,79,0
99,80,0
99,81,0
99,82,0
99,83,0
99,84,0
99,85,0
99,86,0
99,87,0
99,88,0
99,89,0
99,90,0
99,91,0
99,92,0
99,93,0
99,94,0
99,95,0
99,96,0
99,97,0
99,98,0
100,0,0
100,1,0
100,2,0
100,3,0
100,4,0
100,5,0
100,6,0
100,7,0
100,8,0
100,9,0
100,10,0
100,11,0
100,12,0
100,13,0
100,14,0
100,15,0
100,16,0
100,17,0
100,18,0
100,19,0
100,20,0
100,21,0
100,22,0
100,23,0
100,24,0
100,25,0
100,26,0
100,27,0
100,28,0
100,29,0
100,30,0
100,31,0
100,32,0
100,33,0
100,34,0
100,35,0
100,36,0
100,37,0
100,38,0
100,39,0
100,40,0
100,41,0
100,42,0
100,43,0
100,44,0
100,45,0
100,46,0
100,47,0
100,48,0
100,49,0
100,50,0
100,51,0
100,52,0
100,53,0
100,54,0
100,55,0
100,56,0
100,57,0
100,58,0
100,59,0
100,60,0
100,61,0
100,62,0
100,63,0
100,64,0
100,65,0
100,66,0
100,67,0
100,68,0
100,69,0
100,70,0
100,71,0
100,72,0
100,73,0
100,74,0
100,75,0
100,76,0
100,77,0
100,78,0
100,79,0
100,80,0
100,81,0
100,82,0
100,83,0
100,84,0
100,85,0
100,86,0
100,87,0
100,88,0
100,89,0
100,90,0
100,91,0
100,92,0
100,93,0
100,94,0
100,95,0
100,96,0
100,97,0
100,98,0
100,99,0